# Column 1: Pressure (bar)
# Column 2: Temperature (K)
# Column 3: Electron Number Density (m^-3) (calculated for P >= 10.0 bar, 0 otherwise)
# Column 4: NH3 (ppmv) (Juno)
# Column 5: H2O (ppmv) (Juno)
1.000000e-03	1.099024e+02	1.000000e-24	4.951676e-02	6.433466e-11
1.234155e-03	1.099024e+02	1.000000e-24	4.951676e-02	6.433466e-11
1.523139e-03	1.099024e+02	1.000000e-24	4.951676e-02	6.433466e-11
1.879791e-03	1.099024e+02	1.000000e-24	4.951676e-02	6.433466e-11
2.319954e-03	1.099024e+02	1.000000e-24	4.951676e-02	6.433466e-11
2.863183e-03	1.099024e+02	1.000000e-24	4.951676e-02	6.433466e-11
3.533613e-03	1.099024e+02	1.000000e-24	4.951676e-02	6.433466e-11
4.361027e-03	1.099024e+02	1.000000e-24	4.951676e-02	6.433466e-11
5.382184e-03	1.099024e+02	1.000000e-24	4.951676e-02	6.433466e-11
6.642452e-03	1.099024e+02	1.000000e-24	4.951676e-02	6.433466e-11
8.197817e-03	1.099024e+02	1.000000e-24	4.951676e-02	6.433466e-11
1.011738e-02	1.099024e+02	1.000000e-24	4.951676e-02	6.433466e-11
1.248642e-02	1.099024e+02	1.000000e-24	4.951676e-02	6.433466e-11
1.541018e-02	1.099024e+02	1.000000e-24	4.951676e-02	6.433466e-11
1.901855e-02	1.099024e+02	1.000000e-24	4.951676e-02	6.433466e-11
2.347185e-02	1.099024e+02	1.000000e-24	4.951676e-02	6.433466e-11
2.896791e-02	1.099024e+02	1.000000e-24	4.951676e-02	6.433466e-11
3.575090e-02	1.099024e+02	1.000000e-24	4.951676e-02	6.433466e-11
4.412216e-02	1.099024e+02	1.000000e-24	4.951676e-02	6.433466e-11
5.445360e-02	1.099024e+02	1.000000e-24	4.951676e-02	6.433466e-11
6.720420e-02	1.099024e+02	1.000000e-24	4.951676e-02	6.433466e-11
8.294042e-02	1.099024e+02	1.000000e-24	4.951676e-02	6.433466e-11
1.023614e-01	1.099024e+02	1.000000e-24	4.951676e-02	6.433466e-11
1.263298e-01	1.099024e+02	1.000000e-24	4.951676e-02	6.433466e-11
1.559106e-01	1.099024e+02	1.000000e-24	4.951676e-02	6.433466e-11
1.924179e-01	1.099024e+02	1.000000e-24	4.951676e-02	6.433466e-11
2.374736e-01	1.099026e+02	1.000000e-24	4.951676e-02	6.433466e-11
2.930793e-01	1.144457e+02	1.000000e-24	7.028947e-02	1.132583e-10
3.617054e-01	1.231957e+02	1.000000e-24	1.816897e+00	5.169731e-09
4.464007e-01	1.325081e+02	1.000000e-24	1.377727e+01	1.650192e-07
5.509277e-01	1.423672e+02	1.000000e-24	7.037117e+01	3.794769e-06
6.799304e-01	1.528064e+02	1.000000e-24	2.621669e+02	6.362640e-05
8.391397e-01	1.636725e+02	1.000000e-24	3.983948e+02	8.391291e-04
1.035629e+00	1.749427e+02	1.000000e-24	4.010124e+02	8.998490e-03
1.278127e+00	1.868254e+02	1.000000e-24	3.993490e+02	7.832295e-02
1.577407e+00	1.993912e+02	1.000000e-24	3.941506e+02	5.642283e-01
1.946765e+00	2.127118e+02	1.000000e-24	3.867779e+02	3.425657e+00
2.402611e+00	2.267804e+02	1.000000e-24	3.788544e+02	1.788158e+01
2.965195e+00	2.415522e+02	1.000000e-24	3.718229e+02	8.104470e+01
3.659511e+00	2.569845e+02	1.000000e-24	3.664713e+02	3.205600e+02
4.516405e+00	2.729051e+02	1.000000e-24	3.624271e+02	1.101582e+03
5.573945e+00	2.898619e+02	1.000000e-24	3.589810e+02	2.705209e+03
6.879114e+00	3.082122e+02	1.000000e-24	3.608955e+02	2.708974e+03
8.489895e+00	3.277435e+02	1.000000e-24	3.637862e+02	2.708974e+03
1.047785e+01	3.485269e+02	5.429435e-17	3.668816e+02	2.708974e+03
1.293129e+01	3.706352e+02	2.811178e-14	3.696157e+02	2.708974e+03
1.595922e+01	3.941344e+02	9.970623e-12	3.716884e+02	2.708974e+03
1.969616e+01	4.190997e+02	2.473207e-09	3.730287e+02	2.708974e+03
2.430812e+01	4.455899e+02	1.842223e-18	3.736961e+02	2.708974e+03
3.000000e+01	4.736806e+02	6.219838e-16	3.737752e+02	2.708974e+03
3.099140e+01	4.781780e+02	1.484115e-15	3.737752e+02	2.708974e+03
3.201556e+01	4.826599e+02	3.482183e-15	3.737752e+02	2.708974e+03
3.307356e+01	4.871167e+02	8.004958e-15	3.737752e+02	2.708974e+03
3.416653e+01	4.915961e+02	1.819932e-14	3.737752e+02	2.708974e+03
3.529561e+01	4.961066e+02	4.099046e-14	3.737752e+02	2.708974e+03
3.646201e+01	5.006060e+02	9.079854e-14	3.737752e+02	2.708974e+03
3.766696e+01	5.051122e+02	1.985183e-13	3.737752e+02	2.708974e+03
3.891172e+01	5.096531e+02	4.305612e-13	3.737752e+02	2.708974e+03
4.019762e+01	5.142328e+02	9.270534e-13	3.737752e+02	2.708974e+03
4.152601e+01	5.188521e+02	1.981884e-12	3.737752e+02	2.708974e+03
4.289830e+01	5.235146e+02	4.209351e-12	3.737752e+02	2.708974e+03
4.431594e+01	5.282175e+02	8.878138e-12	3.737752e+02	2.708974e+03
4.578043e+01	5.329606e+02	1.859492e-11	3.737752e+02	2.708974e+03
4.729332e+01	5.377523e+02	3.872546e-11	3.737752e+02	2.708974e+03
4.885620e+01	5.426130e+02	8.043258e-11	3.737752e+02	2.708974e+03
5.047073e+01	5.475780e+02	1.674395e-10	3.737752e+02	2.708974e+03
5.213861e+01	5.526656e+02	3.195731e-10	3.737752e+02	2.708974e+03
5.386162e+01	5.578534e+02	5.763140e-10	3.737752e+02	2.708974e+03
5.564156e+01	5.631254e+02	1.037721e-09	3.737752e+02	2.708974e+03
5.748032e+01	5.684765e+02	1.873083e-09	3.737752e+02	2.708974e+03
5.937985e+01	5.739124e+02	3.647509e-09	3.737752e+02	2.708974e+03
6.134214e+01	5.794061e+02	7.064369e-09	3.737752e+02	2.708974e+03
6.336929e+01	5.849694e+02	1.362641e-08	3.737752e+02	2.708974e+03
6.546343e+01	5.906131e+02	2.620724e-08	3.737752e+02	2.708974e+03
6.762677e+01	5.963244e+02	5.017672e-08	3.737752e+02	2.708974e+03
6.986160e+01	6.021269e+02	9.588083e-08	3.737752e+02	2.708974e+03
7.217029e+01	6.080855e+02	1.841114e-07	3.737752e+02	2.708974e+03
7.455527e+01	6.142069e+02	3.553055e-07	3.737752e+02	2.708974e+03
7.701906e+01	6.204275e+02	6.841466e-07	3.737752e+02	2.708974e+03
7.956428e+01	6.265893e+02	1.293049e-06	3.737752e+02	2.708974e+03
8.219360e+01	6.325809e+02	2.373869e-06	3.737752e+02	2.708974e+03
8.490982e+01	6.385253e+02	6.232821e-06	3.737752e+02	2.708974e+03
8.771580e+01	6.445038e+02	1.637678e-05	3.737752e+02	2.708974e+03
9.061450e+01	6.505646e+02	4.282067e-05	3.737752e+02	2.708974e+03
9.360900e+01	6.567069e+02	1.113758e-04	3.737752e+02	2.708974e+03
9.670245e+01	6.629001e+02	2.867099e-04	3.737752e+02	2.708974e+03
9.989814e+01	6.691580e+02	7.319922e-04	3.737752e+02	2.708974e+03
1.031994e+02	6.754870e+02	1.854718e-03	3.737752e+02	2.708974e+03
1.066098e+02	6.818904e+02	4.663741e-03	3.737752e+02	2.708974e+03
1.101329e+02	6.883683e+02	1.162691e-02	3.737752e+02	2.708974e+03
1.137724e+02	6.949286e+02	2.872251e-02	3.737752e+02	2.708974e+03
1.175322e+02	7.015826e+02	7.020574e-02	3.737752e+02	2.708974e+03
1.214162e+02	7.083115e+02	1.684894e-01	3.737752e+02	2.708974e+03
1.254286e+02	7.151018e+02	3.932889e-01	3.737752e+02	2.708974e+03
1.295736e+02	7.219492e+02	8.834149e-01	3.737752e+02	2.708974e+03
1.338556e+02	7.288608e+02	1.891412e+00	3.737752e+02	2.708974e+03
1.382790e+02	7.358407e+02	3.837580e+00	3.737752e+02	2.708974e+03
1.428487e+02	7.428884e+02	7.391053e+00	3.737752e+02	2.708974e+03
1.475693e+02	7.500034e+02	1.363198e+01	3.737752e+02	2.708974e+03
1.524460e+02	7.571858e+02	2.435287e+01	3.737752e+02	2.708974e+03
1.574838e+02	7.644358e+02	4.255682e+01	3.737752e+02	2.708974e+03
1.626881e+02	7.717538e+02	7.325808e+01	3.737752e+02	2.708974e+03
1.680644e+02	7.791408e+02	1.247800e+02	3.737752e+02	2.708974e+03
1.736183e+02	7.865980e+02	2.108617e+02	3.737752e+02	2.708974e+03
1.793558e+02	7.941261e+02	3.540600e+02	3.737752e+02	2.708974e+03
1.852829e+02	8.017243e+02	5.911820e+02	3.737752e+02	2.708974e+03
1.914059e+02	8.093919e+02	1.007384e+03	3.737752e+02	2.708974e+03
1.977312e+02	8.171284e+02	1.832900e+03	3.737752e+02	2.708974e+03
2.042655e+02	8.249335e+02	3.314877e+03	3.737752e+02	2.708974e+03
2.110158e+02	8.328070e+02	5.959340e+03	3.737752e+02	2.708974e+03
2.179892e+02	8.407488e+02	1.064996e+04	3.737752e+02	2.708974e+03
2.251929e+02	8.487587e+02	1.892034e+04	3.737752e+02	2.708974e+03
2.326348e+02	8.568363e+02	3.341533e+04	3.737752e+02	2.708974e+03
2.403226e+02	8.649813e+02	5.866873e+04	3.737752e+02	2.708974e+03
2.482644e+02	8.731924e+02	1.023977e+05	3.737752e+02	2.708974e+03
2.564687e+02	8.814679e+02	1.776504e+05	3.737752e+02	2.708974e+03
2.649441e+02	8.898096e+02	3.064128e+05	3.737752e+02	2.708974e+03
2.736996e+02	8.982258e+02	5.257310e+05	3.737752e+02	2.708974e+03
2.827444e+02	9.067178e+02	8.973826e+05	3.737752e+02	2.708974e+03
2.920882e+02	9.152869e+02	1.524012e+06	3.737752e+02	2.708974e+03
3.017407e+02	9.239339e+02	2.575250e+06	3.737752e+02	2.708974e+03
3.117121e+02	9.326588e+02	4.329854e+06	3.737752e+02	2.708974e+03
3.220132e+02	9.414609e+02	7.243266e+06	3.737752e+02	2.708974e+03
3.326546e+02	9.503377e+02	1.205437e+07	3.737752e+02	2.708974e+03
3.436477e+02	9.592848e+02	1.995276e+07	3.737752e+02	2.708974e+03
3.550041e+02	9.682950e+02	3.283598e+07	3.737752e+02	2.708974e+03
3.667357e+02	9.773574e+02	5.369704e+07	3.737752e+02	2.708974e+03
3.788551e+02	9.864744e+02	8.727649e+07	3.737752e+02	2.708974e+03
3.913749e+02	9.956560e+02	1.410759e+08	3.737752e+02	2.708974e+03
4.043085e+02	1.004908e+03	2.268651e+08	3.737752e+02	2.708974e+03
4.176695e+02	1.014237e+03	3.630777e+08	3.737752e+02	2.708974e+03
4.314721e+02	1.023648e+03	5.784442e+08	3.737752e+02	2.708974e+03
4.457307e+02	1.033143e+03	9.174757e+08	3.737752e+02	2.708974e+03
4.604606e+02	1.042725e+03	1.448965e+09	3.737752e+02	2.708974e+03
4.756772e+02	1.052393e+03	2.278371e+09	3.737752e+02	2.708974e+03
4.913967e+02	1.062139e+03	3.565559e+09	3.737752e+02	2.708974e+03
5.076357e+02	1.071951e+03	5.550525e+09	3.737752e+02	2.708974e+03
5.244113e+02	1.081819e+03	8.591451e+09	3.737752e+02	2.708974e+03
5.417413e+02	1.091768e+03	1.323817e+10	3.737752e+02	2.708974e+03
5.596440e+02	1.101798e+03	2.030572e+10	3.737752e+02	2.708974e+03
5.781383e+02	1.111906e+03	3.100144e+10	3.737752e+02	2.708974e+03
5.972438e+02	1.122089e+03	4.710503e+10	3.737752e+02	2.708974e+03
6.169806e+02	1.132349e+03	7.123859e+10	3.737752e+02	2.708974e+03
6.373697e+02	1.142685e+03	1.072289e+11	3.737752e+02	2.708974e+03
6.584326e+02	1.153103e+03	1.606804e+11	3.737752e+02	2.708974e+03
6.801915e+02	1.163609e+03	2.397546e+11	3.737752e+02	2.708974e+03
7.026695e+02	1.174216e+03	3.563848e+11	3.737752e+02	2.708974e+03
7.258903e+02	1.184923e+03	5.277215e+11	3.737752e+02	2.708974e+03
7.498785e+02	1.195723e+03	7.781883e+11	3.737752e+02	2.708974e+03
7.746594e+02	1.206610e+03	1.142496e+12	3.737752e+02	2.708974e+03
8.002592e+02	1.217575e+03	1.669448e+12	3.737752e+02	2.708974e+03
8.267051e+02	1.228614e+03	2.427628e+12	3.737752e+02	2.708974e+03
8.540248e+02	1.239722e+03	3.512496e+12	3.737752e+02	2.708974e+03
8.822474e+02	1.250898e+03	5.056741e+12	3.737752e+02	2.708974e+03
9.114026e+02	1.262143e+03	7.243900e+12	3.737752e+02	2.708974e+03
9.415214e+02	1.273462e+03	1.032764e+13	3.737752e+02	2.708974e+03
9.726354e+02	1.284863e+03	1.465791e+13	3.737752e+02	2.708974e+03
1.004778e+03	1.296347e+03	2.071083e+13	3.737752e+02	2.708974e+03
1.037982e+03	1.307911e+03	2.912285e+13	3.737752e+02	2.708974e+03
1.072284e+03	1.319555e+03	4.069038e+13	3.737752e+02	2.708974e+03
1.107719e+03	1.331279e+03	5.671110e+13	3.737752e+02	2.708974e+03
1.144325e+03	1.343087e+03	7.869283e+13	3.737752e+02	2.708974e+03
1.182141e+03	1.354987e+03	1.087412e+14	3.737752e+02	2.708974e+03
1.221207e+03	1.366990e+03	1.496840e+14	3.737752e+02	2.708974e+03
1.261564e+03	1.379097e+03	2.052505e+14	3.737752e+02	2.708974e+03
1.303254e+03	1.391283e+03	2.978295e+14	3.737752e+02	2.708974e+03
1.346322e+03	1.403532e+03	4.902275e+14	3.737752e+02	2.708974e+03
1.390814e+03	1.415831e+03	8.031650e+14	3.737752e+02	2.708974e+03
1.436775e+03	1.428176e+03	1.308943e+15	3.737752e+02	2.708974e+03
1.484256e+03	1.440575e+03	2.113643e+15	3.737752e+02	2.708974e+03
1.533305e+03	1.453050e+03	3.399023e+15	3.737752e+02	2.708974e+03
1.583976e+03	1.465642e+03	5.428913e+15	3.737752e+02	2.708974e+03
1.636321e+03	1.478414e+03	8.089856e+15	3.737752e+02	2.708974e+03
1.690395e+03	1.491353e+03	1.049807e+16	3.737752e+02	2.708974e+03
1.746257e+03	1.504426e+03	1.350364e+16	3.737752e+02	2.708974e+03
1.803965e+03	1.517655e+03	1.651302e+16	3.737752e+02	2.708974e+03
1.863580e+03	1.531066e+03	1.976006e+16	3.737752e+02	2.708974e+03
1.925165e+03	1.544684e+03	2.363925e+16	3.737752e+02	2.708974e+03
1.988785e+03	1.558535e+03	2.827964e+16	3.737752e+02	2.708974e+03
2.054507e+03	1.572635e+03	3.383438e+16	3.737752e+02	2.708974e+03
2.122402e+03	1.586910e+03	4.044582e+16	3.737752e+02	2.708974e+03
2.192540e+03	1.601340e+03	4.829481e+16	3.737752e+02	2.708974e+03
2.264996e+03	1.615924e+03	5.759932e+16	3.737752e+02	2.708974e+03
2.339846e+03	1.630657e+03	6.860851e+16	3.737752e+02	2.708974e+03
2.417170e+03	1.645535e+03	8.160484e+16	3.737752e+02	2.708974e+03
2.497049e+03	1.660557e+03	9.693603e+16	3.737752e+02	2.708974e+03
2.579568e+03	1.675720e+03	1.149779e+17	3.737752e+02	2.708974e+03
2.664814e+03	1.691022e+03	1.361688e+17	3.737752e+02	2.708974e+03
2.752876e+03	1.706445e+03	1.609836e+17	3.737752e+02	2.708974e+03
2.843850e+03	1.721843e+03	1.897107e+17	3.737752e+02	2.708974e+03
2.937829e+03	1.737126e+03	2.226683e+17	3.737752e+02	2.708974e+03
3.034914e+03	1.752253e+03	2.602130e+17	3.737752e+02	2.708974e+03
3.135208e+03	1.767217e+03	3.028315e+17	3.737752e+02	2.708974e+03
3.238815e+03	1.782061e+03	3.511315e+17	3.737752e+02	2.708974e+03
3.345847e+03	1.796896e+03	4.060834e+17	3.737752e+02	2.708974e+03
3.456416e+03	1.811824e+03	4.688672e+17	3.737752e+02	2.708974e+03
3.570639e+03	1.826564e+03	5.391676e+17	3.737752e+02	2.708974e+03
3.688636e+03	1.841275e+03	6.184188e+17	3.737752e+02	2.708974e+03
3.810533e+03	1.856064e+03	7.081748e+17	3.737752e+02	2.708974e+03
3.936458e+03	1.870813e+03	8.088826e+17	3.737752e+02	2.708974e+03
4.066544e+03	1.885194e+03	9.191917e+17	3.737752e+02	2.708974e+03
4.200929e+03	1.899347e+03	1.040567e+18	3.737752e+02	2.708974e+03
4.339756e+03	1.913479e+03	1.175529e+18	3.737752e+02	2.708974e+03
4.483170e+03	1.927601e+03	1.325420e+18	3.737752e+02	2.708974e+03
4.631323e+03	1.941521e+03	1.489453e+18	3.737752e+02	2.708974e+03
4.784372e+03	1.955420e+03	1.670632e+18	3.737752e+02	2.708974e+03
4.942479e+03	1.969331e+03	1.870849e+18	3.737752e+02	2.708974e+03
5.105811e+03	1.983149e+03	2.090201e+18	3.737752e+02	2.708974e+03
5.274541e+03	1.996851e+03	2.329361e+18	3.737752e+02	2.708974e+03
5.448846e+03	2.010601e+03	2.591110e+18	3.737752e+02	2.708974e+03
5.628912e+03	2.024284e+03	2.878765e+18	3.737752e+02	2.708974e+03
5.814928e+03	2.037810e+03	3.190263e+18	3.737752e+02	2.708974e+03
6.007091e+03	2.051295e+03	3.529476e+18	3.737752e+02	2.708974e+03
6.205605e+03	2.064814e+03	3.900173e+18	3.737752e+02	2.708974e+03
6.410679e+03	2.078263e+03	4.301949e+18	3.737752e+02	2.708974e+03
6.622530e+03	2.091615e+03	4.735862e+18	3.737752e+02	2.708974e+03
6.841381e+03	2.105027e+03	5.208669e+18	3.737752e+02	2.708974e+03
7.067465e+03	2.118470e+03	5.722405e+18	3.737752e+02	2.708974e+03
7.301021e+03	2.131921e+03	6.279167e+18	3.737752e+02	2.708974e+03
7.542295e+03	2.145371e+03	6.881313e+18	3.737752e+02	2.708974e+03
7.791541e+03	2.158930e+03	7.536509e+18	3.737752e+02	2.708974e+03
8.049025e+03	2.172766e+03	8.257092e+18	3.737752e+02	2.708974e+03
8.315018e+03	2.186905e+03	9.051100e+18	3.737752e+02	2.708974e+03
8.589800e+03	2.201193e+03	9.916478e+18	3.737752e+02	2.708974e+03
8.873664e+03	2.215656e+03	1.086037e+19	3.737752e+02	2.708974e+03
9.166908e+03	2.230349e+03	1.189257e+19	3.737752e+02	2.708974e+03
9.469842e+03	2.245258e+03	1.301961e+19	3.737752e+02	2.708974e+03
9.782788e+03	2.260334e+03	1.424565e+19	3.737752e+02	2.708974e+03
1.010608e+04	2.275596e+03	1.557965e+19	3.737752e+02	2.708974e+03
1.044005e+04	2.291094e+03	1.703248e+19	3.737752e+02	2.708974e+03
1.078505e+04	2.306749e+03	1.858437e+19	3.737752e+02	2.708974e+03
1.114146e+04	2.322542e+03	2.024490e+19	3.737752e+02	2.708974e+03
1.150965e+04	2.338539e+03	2.202802e+19	3.737752e+02	2.708974e+03
1.189000e+04	2.354729e+03	2.393144e+19	3.737752e+02	2.708974e+03
1.228293e+04	2.371069e+03	2.595112e+19	3.737752e+02	2.708974e+03
1.268884e+04	2.387810e+03	2.811150e+19	3.737752e+02	2.708974e+03
1.310816e+04	2.405014e+03	3.041620e+19	3.737752e+02	2.708974e+03
1.354134e+04	2.422470e+03	3.301150e+19	3.737752e+02	2.708974e+03
1.398883e+04	2.440268e+03	3.570596e+19	3.737752e+02	2.708974e+03
1.445112e+04	2.458672e+03	3.892067e+19	3.737752e+02	2.708974e+03
1.492868e+04	2.477675e+03	4.298244e+19	3.737752e+02	2.708974e+03
1.542202e+04	2.497094e+03	4.746927e+19	3.737752e+02	2.708974e+03
1.593166e+04	2.516793e+03	5.238948e+19	3.737752e+02	2.708974e+03
1.645815e+04	2.536934e+03	5.781976e+19	3.737752e+02	2.708974e+03
1.700203e+04	2.557360e+03	6.376485e+19	3.737752e+02	2.708974e+03
1.756389e+04	2.577889e+03	7.021255e+19	3.737752e+02	2.708974e+03
1.814432e+04	2.598377e+03	7.714899e+19	3.737752e+02	2.708974e+03
1.874393e+04	2.618969e+03	8.464611e+19	3.737752e+02	2.708974e+03
1.936335e+04	2.639490e+03	9.267397e+19	3.737752e+02	2.708974e+03
2.000324e+04	2.659796e+03	1.011982e+20	3.737752e+02	2.708974e+03
2.066428e+04	2.679923e+03	1.102440e+20	3.737752e+02	2.708974e+03
2.134716e+04	2.700136e+03	1.199406e+20	3.737752e+02	2.708974e+03
2.205261e+04	2.720452e+03	1.303299e+20	3.737752e+02	2.708974e+03
2.278138e+04	2.740659e+03	1.413425e+20	3.737752e+02	2.708974e+03
2.353422e+04	2.760692e+03	1.529620e+20	3.737752e+02	2.708974e+03
2.431195e+04	2.780642e+03	1.652511e+20	3.737752e+02	2.708974e+03
2.511537e+04	2.800539e+03	1.782470e+20	3.737752e+02	2.708974e+03
2.594535e+04	2.820049e+03	1.917626e+20	3.737752e+02	2.708974e+03
2.680275e+04	2.839585e+03	2.060587e+20	3.737752e+02	2.708974e+03
2.768849e+04	2.859303e+03	2.212735e+20	3.737752e+02	2.708974e+03
2.860350e+04	2.878906e+03	2.372357e+20	3.737752e+02	2.708974e+03
2.954875e+04	2.898276e+03	2.538686e+20	3.737752e+02	2.708974e+03
3.052523e+04	2.917668e+03	2.713791e+20	3.737752e+02	2.708974e+03
3.153399e+04	2.937088e+03	2.898016e+20	3.737752e+02	2.708974e+03
3.257608e+04	2.956425e+03	3.090670e+20	3.737752e+02	2.708974e+03
3.365260e+04	2.975765e+03	3.292721e+20	3.737752e+02	2.708974e+03
3.476471e+04	2.995157e+03	3.504921e+20	3.737752e+02	2.708974e+03
3.591356e+04	3.014483e+03	3.726394e+20	3.737752e+02	2.708974e+03
3.710038e+04	3.033792e+03	3.957844e+20	3.737752e+02	2.708974e+03
3.832642e+04	3.053251e+03	4.201387e+20	3.737752e+02	2.708974e+03
3.959298e+04	3.072808e+03	4.456901e+20	3.737752e+02	2.708974e+03
4.090139e+04	3.092402e+03	4.724065e+20	3.737752e+02	2.708974e+03
4.225304e+04	3.112024e+03	5.003098e+20	3.737752e+02	2.708974e+03
4.364936e+04	3.131731e+03	5.295083e+20	3.737752e+02	2.708974e+03
4.509182e+04	3.151494e+03	5.600039e+20	3.737752e+02	2.708974e+03
4.658195e+04	3.171263e+03	5.917627e+20	3.737752e+02	2.708974e+03
4.812132e+04	3.191071e+03	6.248642e+20	3.737752e+02	2.708974e+03
4.971156e+04	3.210940e+03	6.593789e+20	3.737752e+02	2.708974e+03
5.135436e+04	3.230879e+03	6.953622e+20	3.737752e+02	2.708974e+03
5.305144e+04	3.250879e+03	7.328423e+20	3.737752e+02	2.708974e+03
5.480461e+04	3.270937e+03	7.718565e+20	3.737752e+02	2.708974e+03
5.661572e+04	3.291075e+03	8.124880e+20	3.737752e+02	2.708974e+03
5.848667e+04	3.311307e+03	8.548120e+20	3.737752e+02	2.708974e+03
6.041945e+04	3.331630e+03	8.988693e+20	3.737752e+02	2.708974e+03
6.241611e+04	3.352018e+03	9.446444e+20	3.737752e+02	2.708974e+03
6.447875e+04	3.372421e+03	9.920800e+20	3.737752e+02	2.708974e+03
6.660955e+04	3.392881e+03	1.041302e+21	3.737752e+02	2.708974e+03
6.881076e+04	3.413453e+03	1.092479e+21	3.737752e+02	2.708974e+03
7.108472e+04	3.434158e+03	1.145718e+21	3.737752e+02	2.708974e+03
7.343383e+04	3.455004e+03	1.201103e+21	3.737752e+02	2.708974e+03
7.586056e+04	3.475975e+03	1.258662e+21	3.737752e+02	2.708974e+03
7.836749e+04	3.497024e+03	1.318340e+21	3.737752e+02	2.708974e+03
8.095727e+04	3.518069e+03	1.379971e+21	3.737752e+02	2.708974e+03
8.363263e+04	3.539154e+03	1.443710e+21	3.737752e+02	2.708974e+03
8.639640e+04	3.560314e+03	1.509707e+21	3.737752e+02	2.708974e+03
8.925150e+04	3.581526e+03	1.577950e+21	3.737752e+02	2.708974e+03
9.220096e+04	3.602767e+03	1.648420e+21	3.737752e+02	2.708974e+03
9.524788e+04	3.624016e+03	1.721098e+21	3.737752e+02	2.708974e+03
9.839550e+04	3.645256e+03	1.795969e+21	3.737752e+02	2.708974e+03
1.016471e+05	3.666472e+03	1.873018e+21	3.737752e+02	2.708974e+03
1.050062e+05	3.687657e+03	1.952253e+21	3.737752e+02	2.708974e+03
1.084763e+05	3.708850e+03	2.033844e+21	3.737752e+02	2.708974e+03
1.120611e+05	3.730009e+03	2.117678e+21	3.737752e+02	2.708974e+03
1.157643e+05	3.750943e+03	2.203055e+21	3.737752e+02	2.708974e+03
1.195899e+05	3.771658e+03	2.289963e+21	3.737752e+02	2.708974e+03
1.235420e+05	3.792336e+03	2.379102e+21	3.737752e+02	2.708974e+03
1.276246e+05	3.812370e+03	2.467969e+21	3.737752e+02	2.708974e+03
1.318422e+05	3.831930e+03	2.557105e+21	3.737752e+02	2.708974e+03
1.361991e+05	3.851362e+03	2.647899e+21	3.737752e+02	2.708974e+03
1.407000e+05	3.870479e+03	2.739496e+21	3.737752e+02	2.708974e+03
1.453496e+05	3.888210e+03	2.826855e+21	3.737752e+02	2.708974e+03
1.501530e+05	3.905556e+03	2.914278e+21	3.737752e+02	2.708974e+03
1.551150e+05	3.923066e+03	3.004320e+21	3.737752e+02	2.708974e+03
1.602410e+05	3.940235e+03	3.094552e+21	3.737752e+02	2.708974e+03
1.655364e+05	3.956373e+03	3.181374e+21	3.737752e+02	2.708974e+03
1.710068e+05	3.972347e+03	3.268958e+21	3.737752e+02	2.708974e+03
1.766580e+05	3.988181e+03	3.357393e+21	3.737752e+02	2.708974e+03
1.824960e+05	4.003444e+03	3.444318e+21	3.737752e+02	2.708974e+03
1.885268e+05	4.018357e+03	3.530777e+21	3.737752e+02	2.708974e+03
1.947570e+05	4.033142e+03	3.617918e+21	3.737752e+02	2.708974e+03
2.011930e+05	4.047607e+03	3.704609e+21	3.737752e+02	2.708974e+03
2.078418e+05	4.061524e+03	3.789429e+21	3.737752e+02	2.708974e+03
2.147102e+05	4.075297e+03	3.874612e+21	3.737752e+02	2.708974e+03
2.218057e+05	4.088858e+03	3.959709e+21	3.737752e+02	2.708974e+03
2.291356e+05	4.101940e+03	4.043023e+21	3.737752e+02	2.708974e+03
2.367077e+05	4.114593e+03	4.124725e+21	3.737752e+02	2.708974e+03
2.445301e+05	4.127206e+03	4.207157e+21	3.737752e+02	2.708974e+03
2.526110e+05	4.139601e+03	4.289166e+21	3.737752e+02	2.708974e+03
2.609589e+05	4.151612e+03	4.369608e+21	3.737752e+02	2.708974e+03
2.695827e+05	4.163547e+03	4.450415e+21	3.737752e+02	2.708974e+03
2.784915e+05	4.175381e+03	4.531402e+21	3.737752e+02	2.708974e+03
2.876946e+05	4.187016e+03	4.611875e+21	3.737752e+02	2.708974e+03
2.972020e+05	4.198513e+03	4.692202e+21	3.737752e+02	2.708974e+03
3.070235e+05	4.210051e+03	4.773602e+21	3.737752e+02	2.708974e+03
3.171695e+05	4.221493e+03	4.855119e+21	3.737752e+02	2.708974e+03
3.276509e+05	4.232757e+03	4.936137e+21	3.737752e+02	2.708974e+03
3.384786e+05	4.243925e+03	5.017210e+21	3.737752e+02	2.708974e+03
3.496642e+05	4.255100e+03	5.099077e+21	3.737752e+02	2.708974e+03
3.612194e+05	4.266198e+03	5.181117e+21	3.737752e+02	2.708974e+03
3.731564e+05	4.277248e+03	5.263533e+21	3.737752e+02	2.708974e+03
3.854880e+05	4.288291e+03	5.346636e+21	3.737752e+02	2.708974e+03
3.982270e+05	4.299382e+03	5.430859e+21	3.737752e+02	2.708974e+03
4.113871e+05	4.310499e+03	5.516052e+21	3.737752e+02	2.708974e+03
4.249820e+05	4.321644e+03	5.602249e+21	3.737752e+02	2.708974e+03
4.390262e+05	4.333156e+03	5.692221e+21	3.737752e+02	2.708974e+03
4.535345e+05	4.345183e+03	5.787318e+21	3.737752e+02	2.708974e+03
4.685222e+05	4.357575e+03	5.886481e+21	3.737752e+02	2.708974e+03
4.840053e+05	4.369956e+03	5.986675e+21	3.737752e+02	2.708974e+03
5.000000e+05	4.382739e+03	6.091467e+21	3.737752e+02	2.708974e+03
